prototipo_bico_v2
100
     1.000000    0.000000
     0.984970    0.000589
     0.959214    0.001567
     0.929316    0.002658
     0.895969    0.003848
     0.860210    0.005132
     0.822834    0.006476
     0.784546    0.007851
     0.745780    0.009244
     0.706766    0.010645
     0.667631    0.012051
     0.628441    0.013459
     0.589236    0.014867
     0.550046    0.016275
     0.510911    0.017681
     0.471895    0.019083
     0.433118    0.020476
     0.394802    0.021850
     0.357333    0.023203
     0.321319    0.024489
     0.287525    0.025680
     0.256755    0.026870
     0.229485    0.027864
     0.205648    0.028443
     0.184864    0.029035
     0.166707    0.030102
     0.150774    0.031804
     0.136669    0.034206
     0.123970    0.037349
     0.112324    0.041293
     0.101445    0.046038
     0.091131    0.051461
     0.081279    0.057442
     0.071855    0.063855
     0.062870    0.070556
     0.054359    0.077408
     0.046382    0.084304
     0.039056    0.091066
     0.032467    0.097503
     0.026622    0.103500
     0.021532    0.109035
     0.017161    0.114166
     0.013426    0.118974
     0.010246    0.123532
     0.007558    0.127900
     0.005310    0.132127
     0.003469    0.136253
     0.002010    0.140314
     0.000918    0.144341
     0.000191    0.148364
    -0.000170    0.152414
    -0.000172    0.156509
     0.000169    0.160657
     0.000848    0.164864
     0.001865    0.169133
     0.003232    0.173469
     0.004965    0.177872
     0.007093    0.182340
     0.009652    0.186864
     0.012695    0.191427
     0.016287    0.195994
     0.020513    0.200505
     0.025475    0.204890
     0.031291    0.209181
     0.038099    0.213463
     0.046046    0.217896
     0.055229    0.222762
     0.065756    0.228270
     0.077764    0.234429
     0.091318    0.241158
     0.106528    0.248351
     0.123671    0.255987
     0.143056    0.264044
     0.164894    0.272451
     0.189185    0.281142
     0.215713    0.290033
     0.244158    0.298984
     0.274228    0.307893
     0.305658    0.316695
     0.338169    0.325336
     0.371537    0.333783
     0.405604    0.342024
     0.440238    0.350054
     0.475338    0.357877
     0.510828    0.365497
     0.546652    0.372925
     0.582753    0.380169
     0.619086    0.387235
     0.655613    0.394134
     0.692273    0.400867
     0.729011    0.407436
     0.765709    0.413838
     0.802106    0.420036
     0.837998    0.426001
     0.872767    0.431700
     0.905257    0.436890
     0.934818    0.441329
     0.961418    0.445053
     0.985344    0.448184
     1.000000    0.450000
